Two-sample Paired T-test
x_mean: 4.062500
x_var: 1.308594
x_SD: 1.162242
x_SEM: 0.205457

y_mean: 3.406250
y_var: 2.241211
y_SD: 1.521022
y_SEM: 0.268881

t_value: 2.164129
p_value of T-test: 0.038275*

effect size d: 0.492586
95per. CI of d: [-0.005025, 0.990197]
effect size level: Small